lastAccountName: PERQE
timestamps:
  login: 1521162422580
  logout: 1521162444498
  lastteleport: 1521132155772
ipAddress: 62.68.133.170
logoutlocation:
  world: world
  x: 7307603.870298962
  y: 69.0
  z: -3459285.699999988
  yaw: 106.35007
  pitch: 1.6500001
lastlocation:
  world: world
  x: 7307593.614071772
  y: 69.0
  z: -3459261.3108186056
  yaw: 46.050354
  pitch: 7.8000007
