lastAccountName: RIGBI
timestamps:
  login: 1521227722034
  logout: 1521227730955
  lastteleport: 1521227487725
ipAddress: 62.68.133.170
logoutlocation:
  world: world
  x: 596.5164199299179
  y: 73.0
  z: 528.4857834179935
  yaw: -2.0888853
  pitch: -0.44985452
lastlocation:
  world: world
  x: 595.4984215414734
  y: 72.0
  z: 610.1418090308524
  yaw: -89.68869
  pitch: -3.3000002
