lastAccountName: Jampire2
timestamps:
  login: 1521135676090
  logout: 1521135719408
ipAddress: 91.121.157.215
logoutlocation:
  world: world
  x: 7307597.821459744
  y: 69.0
  z: -3459322.4171787
  yaw: 182.54836
  pitch: 17.999971
lastlocation:
  world: world
  x: 7307603.5
  y: 71.0
  z: -3459342.5
  yaw: -0.7501831
  pitch: -1.8000375
