lastAccountName: Jampire3
timestamps:
  login: 1521072852832
  logout: 1521065054481
ipAddress: 91.121.157.215
logoutlocation:
  world: world
  x: 7307597.451156899
  y: 69.0
  z: -3459242.84777625
  yaw: 177.14954
  pitch: 3.749989
