lastAccountName: jaquers
timestamps:
  login: 1521233050576
  logout: 1521233082051
  lastteleport: 1521233065438
ipAddress: 95.31.26.234
logoutlocation:
  world: world
  x: 590.2603072676827
  y: 71.0625
  z: 614.6200918749596
  yaw: 2.041589
  pitch: 3.7754965
lastlocation:
  world: world
  x: 589.5
  y: 71.0
  z: 641.5
  yaw: 179.30272
  pitch: -1.1373482
