lastAccountName: Jampire
timestamps:
  login: 1521184947973
  lastteleport: 1521165709169
  logout: 1521186654247
ipAddress: 91.121.157.215
lastlocation:
  world: world
  x: -537.4702029952603
  y: 102.06464332444664
  z: 1081.0605198429512
  yaw: 181.79459
  pitch: 14.549929
logoutlocation:
  world: world
  x: 132.23987180460279
  y: 66.0
  z: 78.79390167621354
  yaw: 125.83301
  pitch: 21.750093
