world: world
x: 606.5
y: 71.0
z: 563.5
yaw: -0.28868908
pitch: -1.3499937
name: box
