world: world
x: 572.5228684773033
y: 73.0
z: 604.3198516166043
yaw: 32.26129
pitch: -3.1500068
name: enchant
