world: world
x: 595.4984215414734
y: 72.0
z: 610.1418090308524
yaw: -89.68869
pitch: -3.3000002
name: mine
