world: world
x: 586.5
y: 71.0
z: 610.5
yaw: 88.66135
pitch: -3.7500045
name: mobs
