world: world
x: 593.5
y: 71.5
z: 581.5
yaw: 268.36133
pitch: -2.249995
name: parkour
