world: world
x: 589.5
y: 71.0
z: 641.5
yaw: 90.46131
pitch: -0.3000116
name: pvp
