world: world
x: 588.5
y: 71.0
z: 540.5
yaw: 126.61132
pitch: -3.0000026
name: woodcutter
