jails: 
  jail: 
    world: world
    x: -221.5
    y: 90.0
    z: 184.5
    yaw: 180.78284
    pitch: 0.71855956
