spawns: 
  default: 
    world: world
    x: -7052.5
    y: 83.0
    z: 3803.5
    yaw: 179.96713
    pitch: -0.45000482
